holding_steps: 60
max_drawdown: -0.6252823268971411
sharpe: 0.33148415291856104
threshold_long: 0.7
threshold_short: 0.3
total_return: 0.03157524676346486
total_trades: 17
win_rate: 0.5882352941176471

