holding_steps: 60
max_drawdown: -5.878826957994389
sharpe: 0.626711392474496
threshold_long: 0.7
threshold_short: 0.3
total_return: 0.08199420267693318
total_trades: 17
win_rate: 0.7058823529411765

