holding_steps: 60
max_drawdown: -1.0418137006342303
sharpe: 0.1837170926229905
threshold_long: 0.7
threshold_short: 0.3
total_return: 0.02545827664682507
total_trades: 16
win_rate: 0.625

