holding_steps: 60
max_drawdown: -0.1714166674134759
sharpe: 0.6350013640082375
threshold_long: 0.7
threshold_short: 0.3
total_return: 0.07169703277159024
total_trades: 17
win_rate: 0.8235294117647058

