holding_steps: 60
max_drawdown: -0.7062147068099963
sharpe: 0.17938086666808742
threshold_long: 0.7
threshold_short: 0.3
total_return: 0.016773035172944102
total_trades: 17
win_rate: 0.6470588235294118

