holding_steps: 60
max_drawdown: -1.1739615228303226
sharpe: 0.7022593442039297
threshold_long: 0.7
threshold_short: 0.3
total_return: 0.06248563544534261
total_trades: 16
win_rate: 0.875

