holding_steps: 60
max_drawdown: -0.04170522123030542
sharpe: 0.8471570022672862
threshold_long: 0.7
threshold_short: 0.3
total_return: 0.0911039764139284
total_trades: 17
win_rate: 0.7647058823529411

